12033
12065
12066
12067
12086
12087
12088
12113
12163
12164
12165
12220
12221
12222
12250
12307
12320
12321
12322
12342
12343
12344
12375
12376
12454
12455
12474
12475
12476
12538
12539
12568
12569
12570
12603
12605
12634
12635
12636
12727
12728
12729
12768
12769
12770
12797
12798
12799
12918
12919
12920
12938
12939
12940
12967
12968
12969
13080
13081
13107
13108
13109
13186
13189
13242
13243
13244
13273
13274
13323
13324
13325
13327
13328
13329
13330
13340
13341
13503
13504
13505
13544
13651
13652
13653
13681
13682
13683
13822
13823
13824
13843
13844
13845
13965
13966
13991
13992
13993
14030
14031
14032
14152
14153
14154
14187
14188
14189
14219
14220
14221
14351
14352
14353
14383
14384
14385
14421
14422
14423
14535
14555
14591
14592
14742
14743
14744
14761
14762
14789
14790
14831
14832
14833
14946
14947
14948
15004
15005
15006
15039
15040
15041
15153
15154
15155
15185
15186
15187
